 ===  eleFR_loose === 
  x min    x max      eff   -err   +err  
-------- --------    ----- ------ ------ 
   0.000    0.250    0.122 -0.019 +0.022 
   0.250    0.500    0.120 -0.019 +0.022 
   0.500    0.750    0.090 -0.019 +0.023 
   0.750    1.000    0.110 -0.019 +0.022 
   1.000    1.250    0.134 -0.024 +0.027 
   1.250    1.500    0.211 -0.035 +0.040 
   1.500    1.750    0.157 -0.026 +0.030 
   1.750    2.000    0.278 -0.054 +0.040 
   2.000    2.250    0.324 -0.069 +0.055 
   2.250    2.500    0.143 -0.092 +0.065 


 ===  eleFR_semitight === 
  x min    x max      eff   -err   +err  
-------- --------    ----- ------ ------ 
   0.000    0.250    0.105 -0.018 +0.021 
   0.250    0.500    0.097 -0.017 +0.020 
   0.500    0.750    0.047 -0.014 +0.018 
   0.750    1.000    0.072 -0.015 +0.019 
   1.000    1.250    0.069 -0.017 +0.022 
   1.250    1.500    0.183 -0.033 +0.038 
   1.500    1.750    0.121 -0.024 +0.028 
   1.750    2.000    0.204 -0.049 +0.036 
   2.000    2.250    0.183 -0.048 +0.058 
   2.250    2.500    0.071 -0.065 +0.046 


 ===  eleFR_tight === 
  x min    x max      eff   -err   +err  
-------- --------    ----- ------ ------ 
   0.000    0.250    0.054 -0.013 +0.017 
   0.250    0.500    0.047 -0.012 +0.016 
   0.500    0.750    0.021 -0.009 +0.014 
   0.750    1.000    0.041 -0.012 +0.015 
   1.000    1.250    0.046 -0.014 +0.019 
   1.250    1.500    0.134 -0.029 +0.035 
   1.500    1.750    0.081 -0.020 +0.024 
   1.750    2.000    0.130 -0.033 +0.041 
   2.000    2.250    0.099 -0.036 +0.049 
   2.250    2.500    0.000 --0.000 +0.066 


