 ===  eleFR_loose === 
  x min    x max      eff   -err   +err  
-------- --------    ----- ------ ------ 
   0.000    0.250    0.245 -0.013 +0.012 
   0.250    0.500    0.252 -0.013 +0.013 
   0.500    0.750    0.246 -0.014 +0.013 
   0.750    1.000    0.263 -0.013 +0.013 
   1.000    1.250    0.248 -0.013 +0.013 
   1.250    1.500    0.282 -0.016 +0.015 
   1.500    1.750    0.303 -0.012 +0.012 
   1.750    2.000    0.419 -0.015 +0.015 
   2.000    2.250    0.449 -0.019 +0.017 
   2.250    2.500    0.503 -0.025 +0.023 


 ===  eleFR_semitight === 
  x min    x max      eff   -err   +err  
-------- --------    ----- ------ ------ 
   0.000    0.250    0.146 -0.011 +0.011 
   0.250    0.500    0.142 -0.011 +0.011 
   0.500    0.750    0.138 -0.010 +0.011 
   0.750    1.000    0.169 -0.012 +0.011 
   1.000    1.250    0.165 -0.012 +0.011 
   1.250    1.500    0.159 -0.013 +0.012 
   1.500    1.750    0.169 -0.010 +0.010 
   1.750    2.000    0.231 -0.013 +0.013 
   2.000    2.250    0.240 -0.016 +0.015 
   2.250    2.500    0.243 -0.021 +0.021 


 ===  eleFR_tight === 
  x min    x max      eff   -err   +err  
-------- --------    ----- ------ ------ 
   0.000    0.250    0.085 -0.008 +0.009 
   0.250    0.500    0.089 -0.009 +0.008 
   0.500    0.750    0.097 -0.009 +0.010 
   0.750    1.000    0.105 -0.009 +0.010 
   1.000    1.250    0.102 -0.010 +0.009 
   1.250    1.500    0.097 -0.010 +0.011 
   1.500    1.750    0.113 -0.008 +0.009 
   1.750    2.000    0.162 -0.012 +0.011 
   2.000    2.250    0.188 -0.014 +0.014 
   2.250    2.500    0.181 -0.020 +0.018 


