 ===  eleFR === 
  x min    x max      eff   -err   +err  
-------- --------    ----- ------ ------ 
   0.000    0.250    0.004 -0.000 +0.000 
   0.250    0.500    0.003 -0.000 +0.000 
   0.500    0.750    0.004 -0.000 +0.000 
   0.750    1.000    0.004 -0.000 +0.000 
   1.000    1.250    0.004 -0.000 +0.000 
   1.250    1.500    0.003 -0.000 +0.000 
   1.500    1.750    0.008 -0.001 +0.001 
   1.750    2.000    0.008 -0.001 +0.001 
   2.000    2.250    0.009 -0.001 +0.001 
   2.250    2.500    0.008 -0.001 +0.001 


