 ===  eleFR === 
  x min    x max      eff   -err   +err  
-------- --------    ----- ------ ------ 
   0.000    0.250    0.037 -0.004 +0.004 
   0.250    0.500    0.028 -0.004 +0.003 
   0.500    0.750    0.029 -0.004 +0.004 
   0.750    1.000    0.033 -0.004 +0.004 
   1.000    1.250    0.026 -0.004 +0.003 
   1.250    1.500    0.028 -0.004 +0.004 
   1.500    1.750    0.036 -0.006 +0.007 
   1.750    2.000    0.036 -0.006 +0.007 
   2.000    2.250    0.038 -0.007 +0.008 
   2.250    2.500    0.055 -0.012 +0.014 


